Solde      Provision    Acquis      Pris      Solde       Provision     Total Provision
CP N-1      CP N-1       CP N       CP N      CP N          CP N              CP
                             1,00                  1,00         85,52              85,52
                            25,00      2,00      23,00       2 000,77           2 000,77
   10,00     4 066,70       25,00                25,00      10 153,80          14 220,50
   16,00     1 407,52       25,00                25,00       2 216,40           3 623,92
                             8,00                  8,00        713,39             713,39
   16,00     1 588,80       25,00                25,00       2 737,20           4 326,00
                            25,00      1,00      24,00       2 764,80           2 764,80
    5,00       473,35       25,00                25,00       2 563,64           3 036,99
    4,00       395,12       25,00                 25,00      2 489,57           2 884,69
                            25,00                 25,00      2 480,92           2 480,92
   11,00     1 393,26       25,00                 25,00      3 653,25           5 046,51
                            25,00      3,00       22,00      2 190,76           2 190,76
    4,50       607,32       25,00                 25,00      3 369,60           3 976,92
                             2,00                  2,00        174,00             174,00
                            25,00      0,50       24,50      2 183,20           2 183,20
                            25,00      8,50       16,50      1 675,08           1 675,08
                            25,00      3,00       22,00      2 236,96           2 236,96
   10,00     1 231,40       25,00                 25,00      3 083,08           4 314,48
                            25,00      1,00       24,00      2 142,72           2 142,72
                            12,00                 12,00      1 069,32           1 069,32
                            25,00                 25,00      2 276,19           2 276,19
    7,00       642,67       25,00                 25,00      2 518,56           3 161,23
   20,00     5 188,60       26,00      1,00       25,00      5 609,25          10 797,85
   17,00     1 736,21       25,00                 25,00      2 431,14           4 167,35
                            25,00      3,00       22,00      1 560,02           1 560,02
                            25,00      1,00       24,00      2 436,48           2 436,48
                             3,00                  3,00        267,33             267,33
                            25,00      5,00      20,00       1 991,60           1 991,60
   16,00     2 157,28       25,00                25,00       3 448,42           5 605,70
                            25,00      5,92      19,08       2 282,54           2 282,54
   13,50     1 253,07       25,00                25,00       2 326,36           3 579,43
                            26,00      2,00      24,00       4 041,36           4 041,36
                            25,00      2,00       23,00      2 000,77           2 000,77
    3,00       266,55       25,00                 25,00      2 232,00           2 498,55
    7,50       724,13       25,00                 25,00      2 409,04           3 133,17
   11,00     1 444,19       25,00                 25,00      3 410,65           4 854,84
    7,00       782,88       25,00                 25,00      2 852,12           3 635,00
                            25,00      1,00       24,00      3 792,96           3 792,96
   13,50     2 576,75       26,00                 26,00      4 783,06           7 359,81
    0,50        64,83       25,00                 25,00      3 061,75           3 126,58
                            25,00      4,00      21,00       2 633,19           2 633,19
                        25,00            25,00     2 245,20     2 245,20
 10,00    1 459,10      25,00            25,00     3 643,08     5 102,18
                        26,00    7,00    19,00     2 539,73     2 539,73
202,50   29 459,73   1 005,00   50,92   954,08   116 776,78   146 236,51
Taux charges     Montant charges     Provision       Acquis     Pris          Solde
 patronales        patronales         Totale          RTT       RTT            RTT
         40,00               34,21          119,73
         17,68              353,74       2 354,51
         55,84            7 940,73      22 161,23
         24,96              904,53       4 528,45
         14,60              104,15          817,54
         26,27            1 136,44       5 462,44
         41,73            1 153,75       3 918,55
         31,57              958,78       3 995,77
         25,83              745,12       3 629,81
         25,14              623,70       3 104,62
         38,88            1 962,08       7 008,59
         25,08              549,44       2 740,20
         41,81            1 662,75       5 639,67
         14,68               25,54          199,54
         22,66              494,71       2 677,91
         29,55              494,99       2 170,07
         24,96              558,35       2 795,31
         45,34            1 956,19       6 270,67
         24,51              525,18       2 667,90
         17,06              182,43       1 251,75
         26,43              601,60       2 877,79
         29,82              942,68       4 103,91
         56,22            6 070,55      16 868,40       10,00          1,00       9,00
         30,75            1 281,46       5 448,81
         18,31              285,64       1 845,66
         30,61              745,81       3 182,29
         23,85               63,76          331,09
         25,08              499,49       2 491,09
         40,94            2 294,97       7 900,67
         33,77              770,81       3 053,35
         29,65            1 061,30       4 640,73
         48,47            1 958,85       6 000,21
         17,30              346,13       2 346,90
         25,24              630,63       3 129,18
         32,65            1 022,98       4 156,15
         41,87            2 032,72       6 887,56
         35,62            1 294,79       4 929,79
         43,77            1 660,18       5 453,14
         56,74            4 175,96      11 535,77       10,00          1,00       9,00
         47,50            1 485,13       4 611,71
         45,29            1 192,57       3 825,76
25,64      575,67     2 820,87
53,03    2 705,69     7 807,87     10    1,00    9,00
46,91    1 191,39     3 731,12
        57 257,57   203 494,08   20,00   3,00   17,00
        Solde des repos au 31 mai 2026

Provision    Montant Charges      Provision Totale    Acquis      Pris       Solde
  RTT         Patronales RTT            RTT           CP Sup     CP Sup     CP Sup




                                                         11,00                 11,00

                                                          2,00                  2,00
                                                          4,00                  4,00
                                                          1,00                  1,00
                                                         11,00       1,00      10,00

                                                         16,00                 16,00

                                                         11,00                 11,00




                                                          4,00                  4,00



                                                          8,00       2,00       6,00
                                                          8,00                  8,00
1 920,38 €           1 079,64 €          3 000,02 €       6,00                  6,00
                                                          5,00                  5,00
                                                         11,00                 11,00




                                                         12,00                 12,00

                                                          4,00                  4,00



                                                         11,00                 11,00
                                                          8,00                  8,00
                                                         12,00       4,00       8,00
                                                         10,00       3,00       7,00
                                                          5,00                  5,00
1 487,27 €            843,88 €           2 331,15 €
                                                          6,00                  6,00
                                                          8,00       1,00       7,00
                                         6,00    4,00     2,00
1 260,88 €    708,87 €    1 969,75 €     2,00    2,00
                                         5,00    1,50     3,50
3 267,55 €   1 849,22 €   5 116,77 €   187,00   18,50   168,50
Provision    Montant Charges      Provision Totale     Acquis        Pris        Solde
 CP Sup      Patronales CP Sup        CP Sup          Reliq.CP     Reliq.CP     Reliq.CP



                                                          12,00        12,00
  944,67 €             235,79 €          1 180,46 €       20,00        15,00          5,00

  172,96 €              45,44 €            218,40 €       14,00        14,00
  443,01 €             184,87 €            627,88 €
   90,90 €              28,70 €            119,60 €         1,00         1,00
  864,79 €             223,38 €          1 088,17 €         8,00         8,00

1 544,62 €             600,55 €          2 145,17 €       12,00        12,00

1 425,39 €             595,96 €          2 021,35 €         8,00         8,00




  472,94 €             214,43 €            687,37 €       15,00        14,00          1,00
                                                           9,00         9,00

  521,92 €             137,94 €            659,86 €
  719,52 €             214,56 €            934,08 €
1 280,25 €             719,76 €          2 000,01 €
  468,62 €             144,10 €            612,72 €       28,00        19,00          9,00
  755,70 €             138,37 €            894,07 €




1 251,52 €             512,37 €          1 763,89 €       29,00        16,00        13,00

  356,48 €             105,70 €            462,18 €       22,50        22,50



  951,27 €             240,10 €          1 191,37 €        8,00         8,00
  687,03 €             224,32 €            911,35 €        6,00         6,00
  869,40 €             364,02 €          1 233,42 €       16,50        16,50
  629,58 €             224,26 €            853,84 €        8,00         8,00
  759,71 €             332,53 €          1 092,24 €

  734,82 €             349,04 €          1 083,86 €
  827,70 €             374,87 €          1 202,57 €
  173,97 €      44,61 €      218,58 €
                                           9,00     9,00
   439,22 €     206,04 €      645,26 €
17 385,99 €   6 461,71 €   23 847,70 €   226,00   198,00   28,00
Provision     Montant Charges        Provision Totale        Solde           Provision
Reliq.CP     Patronales Reliq.CP        Reliq.CP         RTT en heures     RTT en heures




  439,87 €               109,79 €             549,66 €              5,00           61,35 €

                                                                    2,12           26,19 €




                                                                    4,50           62,07 €




  123,14 €                 55,83 €            178,97 €




                                                                    0,25            3,21 €

  919,13 €               282,63 €           1 201,76 €




1 752,80 €               717,60 €           2 470,40 €              1,38           20,56 €




                                                                  12,94           200,92 €
3 234,94 €   1 165,85 €   4 400,79 €   26,19   374,30 €
Montant Charges     Provision    Montant Charges
Patronales RCO         RC         Patronales RC




          15,31 €      61,35 €             15,31 €

           6,88 €      26,19 €              6,88 €




          24,13 €      62,07 €             24,13 €




           0,96 €       3,21 €              0,96 €




           8,42 €      20,56 €              8,42 €




          84,13 €     200,92 €             84,13 €
139,83 €   374,30 €   139,83 €
